%YAML:1.0
aruco_bc_nmarkers: 50
aruco_bc_mInfoType: 0
aruco_bc_markers:
   - { id:854, corners:[ [ -590., -290., 0. ], [ -490., -290., 0. ], [
       -490., -190., 0. ], [ -590., -190., 0. ] ] }
   - { id:617, corners:[ [ -470., -290., 0. ], [ -370., -290., 0. ], [
       -370., -190., 0. ], [ -470., -190., 0. ] ] }
   - { id:540, corners:[ [ -350., -290., 0. ], [ -250., -290., 0. ], [
       -250., -190., 0. ], [ -350., -190., 0. ] ] }
   - { id:940, corners:[ [ -230., -290., 0. ], [ -130., -290., 0. ], [
       -130., -190., 0. ], [ -230., -190., 0. ] ] }
   - { id:706, corners:[ [ -110., -290., 0. ], [ -10., -290., 0. ], [
       -10., -190., 0. ], [ -110., -190., 0. ] ] }
   - { id:1010, corners:[ [ 10., -290., 0. ], [ 110., -290., 0. ], [
       110., -190., 0. ], [ 10., -190., 0. ] ] }
   - { id:111, corners:[ [ 130., -290., 0. ], [ 230., -290., 0. ], [
       230., -190., 0. ], [ 130., -190., 0. ] ] }
   - { id:574, corners:[ [ 250., -290., 0. ], [ 350., -290., 0. ], [
       350., -190., 0. ], [ 250., -190., 0. ] ] }
   - { id:98, corners:[ [ 370., -290., 0. ], [ 470., -290., 0. ], [ 470.,
       -190., 0. ], [ 370., -190., 0. ] ] }
   - { id:934, corners:[ [ 490., -290., 0. ], [ 590., -290., 0. ], [
       590., -190., 0. ], [ 490., -190., 0. ] ] }
   - { id:121, corners:[ [ -590., -170., 0. ], [ -490., -170., 0. ], [
       -490., -70., 0. ], [ -590., -70., 0. ] ] }
   - { id:779, corners:[ [ -470., -170., 0. ], [ -370., -170., 0. ], [
       -370., -70., 0. ], [ -470., -70., 0. ] ] }
   - { id:371, corners:[ [ -350., -170., 0. ], [ -250., -170., 0. ], [
       -250., -70., 0. ], [ -350., -70., 0. ] ] }
   - { id:864, corners:[ [ -230., -170., 0. ], [ -130., -170., 0. ], [
       -130., -70., 0. ], [ -230., -70., 0. ] ] }
   - { id:720, corners:[ [ -110., -170., 0. ], [ -10., -170., 0. ], [
       -10., -70., 0. ], [ -110., -70., 0. ] ] }
   - { id:958, corners:[ [ 10., -170., 0. ], [ 110., -170., 0. ], [ 110.,
       -70., 0. ], [ 10., -70., 0. ] ] }
   - { id:622, corners:[ [ 130., -170., 0. ], [ 230., -170., 0. ], [
       230., -70., 0. ], [ 130., -70., 0. ] ] }
   - { id:376, corners:[ [ 250., -170., 0. ], [ 350., -170., 0. ], [
       350., -70., 0. ], [ 250., -70., 0. ] ] }
   - { id:1011, corners:[ [ 370., -170., 0. ], [ 470., -170., 0. ], [
       470., -70., 0. ], [ 370., -70., 0. ] ] }
   - { id:677, corners:[ [ 490., -170., 0. ], [ 590., -170., 0. ], [
       590., -70., 0. ], [ 490., -70., 0. ] ] }
   - { id:924, corners:[ [ -590., -50., 0. ], [ -490., -50., 0. ], [
       -490., 50., 0. ], [ -590., 50., 0. ] ] }
   - { id:334, corners:[ [ -470., -50., 0. ], [ -370., -50., 0. ], [
       -370., 50., 0. ], [ -470., 50., 0. ] ] }
   - { id:237, corners:[ [ -350., -50., 0. ], [ -250., -50., 0. ], [
       -250., 50., 0. ], [ -350., 50., 0. ] ] }
   - { id:310, corners:[ [ -230., -50., 0. ], [ -130., -50., 0. ], [
       -130., 50., 0. ], [ -230., 50., 0. ] ] }
   - { id:899, corners:[ [ -110., -50., 0. ], [ -10., -50., 0. ], [ -10.,
       50., 0. ], [ -110., 50., 0. ] ] }
   - { id:579, corners:[ [ 10., -50., 0. ], [ 110., -50., 0. ], [ 110.,
       50., 0. ], [ 10., 50., 0. ] ] }
   - { id:863, corners:[ [ 130., -50., 0. ], [ 230., -50., 0. ], [ 230.,
       50., 0. ], [ 130., 50., 0. ] ] }
   - { id:814, corners:[ [ 250., -50., 0. ], [ 350., -50., 0. ], [ 350.,
       50., 0. ], [ 250., 50., 0. ] ] }
   - { id:530, corners:[ [ 370., -50., 0. ], [ 470., -50., 0. ], [ 470.,
       50., 0. ], [ 370., 50., 0. ] ] }
   - { id:700, corners:[ [ 490., -50., 0. ], [ 590., -50., 0. ], [ 590.,
       50., 0. ], [ 490., 50., 0. ] ] }
   - { id:988, corners:[ [ -590., 70., 0. ], [ -490., 70., 0. ], [ -490.,
       170., 0. ], [ -590., 170., 0. ] ] }
   - { id:694, corners:[ [ -470., 70., 0. ], [ -370., 70., 0. ], [ -370.,
       170., 0. ], [ -470., 170., 0. ] ] }
   - { id:610, corners:[ [ -350., 70., 0. ], [ -250., 70., 0. ], [ -250.,
       170., 0. ], [ -350., 170., 0. ] ] }
   - { id:301, corners:[ [ -230., 70., 0. ], [ -130., 70., 0. ], [ -130.,
       170., 0. ], [ -230., 170., 0. ] ] }
   - { id:885, corners:[ [ -110., 70., 0. ], [ -10., 70., 0. ], [ -10.,
       170., 0. ], [ -110., 170., 0. ] ] }
   - { id:717, corners:[ [ 10., 70., 0. ], [ 110., 70., 0. ], [ 110.,
       170., 0. ], [ 10., 170., 0. ] ] }
   - { id:757, corners:[ [ 130., 70., 0. ], [ 230., 70., 0. ], [ 230.,
       170., 0. ], [ 130., 170., 0. ] ] }
   - { id:207, corners:[ [ 250., 70., 0. ], [ 350., 70., 0. ], [ 350.,
       170., 0. ], [ 250., 170., 0. ] ] }
   - { id:365, corners:[ [ 370., 70., 0. ], [ 470., 70., 0. ], [ 470.,
       170., 0. ], [ 370., 170., 0. ] ] }
   - { id:837, corners:[ [ 490., 70., 0. ], [ 590., 70., 0. ], [ 590.,
       170., 0. ], [ 490., 170., 0. ] ] }
   - { id:264, corners:[ [ -590., 190., 0. ], [ -490., 190., 0. ], [
       -490., 290., 0. ], [ -590., 290., 0. ] ] }
   - { id:354, corners:[ [ -470., 190., 0. ], [ -370., 190., 0. ], [
       -370., 290., 0. ], [ -470., 290., 0. ] ] }
   - { id:682, corners:[ [ -350., 190., 0. ], [ -250., 190., 0. ], [
       -250., 290., 0. ], [ -350., 290., 0. ] ] }
   - { id:425, corners:[ [ -230., 190., 0. ], [ -130., 190., 0. ], [
       -130., 290., 0. ], [ -230., 290., 0. ] ] }
   - { id:61, corners:[ [ -110., 190., 0. ], [ -10., 190., 0. ], [ -10.,
       290., 0. ], [ -110., 290., 0. ] ] }
   - { id:759, corners:[ [ 10., 190., 0. ], [ 110., 190., 0. ], [ 110.,
       290., 0. ], [ 10., 290., 0. ] ] }
   - { id:692, corners:[ [ 130., 190., 0. ], [ 230., 190., 0. ], [ 230.,
       290., 0. ], [ 130., 290., 0. ] ] }
   - { id:130, corners:[ [ 250., 190., 0. ], [ 350., 190., 0. ], [ 350.,
       290., 0. ], [ 250., 290., 0. ] ] }
   - { id:326, corners:[ [ 370., 190., 0. ], [ 470., 190., 0. ], [ 470.,
       290., 0. ], [ 370., 290., 0. ] ] }
   - { id:359, corners:[ [ 490., 190., 0. ], [ 590., 190., 0. ], [ 590.,
       290., 0. ], [ 490., 290., 0. ] ] }
