num_of_units: 4
unit_0:
  x: -0.009372
  y: -0.319647
  z: -0.372457
  p0: -0.352093
  p1: 0.948479
unit_1:
  x: 0.001383
  y: -0.344455
  z: 0.206950
  p0: 0.677371
  p1: 0.922920
unit_2:
  x: 0.001795
  y: 0.365824
  z: 0.189598
  p0: 1.126720
  p1: 0.947315
unit_3:
  x: -0.015793
  y: 0.328315
  z: -0.374929
  p0: 0.491584
  p1: 0.968022
